41.0896
19.4755
16.4692
60.5502
28.2303
69.7247
34.7839
58.9968
56.1089
35.3081
10071.0044
39.2539
23999.8107
38.7651
19.2286
26.5304
14.9123
41.1938
79.2319
8.9697
58.2165
19.0885
5.5871
72.3157
58.4100
1.8760
19.5612
63.7786
38.3571
6.2519
42.7969
67.9607
18.8911
82.7023
13.9533
47.4497
365.0289
4.3916
57.3424
52.0624
28.0190
55.1068
42.3194
124.4391
15.7324
220.4314
28.7920
45.7357
19.3395
32120.3617
51.8864
20.4467
32.0875
51.2008
49.8947
53.1655
45.2589
873.1601
59.2557
150.4845
27.8493
121.1605
20.2707
28.9837
58.3283
270.0095
70.5116
32.0910
58.5606
14.8579
66.6387
46.7454
30.4977
56.5076
135.0654
36.4995
31.6702
12.9007
36.0972
67.7592
11.1485
78.6055
16.5537
11.5487
52.5736
72.6924
12.0305
22.8320
57.2084
30.3066
2.7508
52.9218
71.4167
36.4321
67.7150
26.3508
67.2628
315.0205
11.4258
52.0183
89.6892
27.3948
53.8990
46.8297
47.1555
16.9793
112.6423
26.8265
41.0392
21.7266
41.2097
343.1168
27.3571
42.8125
131.8251
150.6336
22185.6840
26.5491
36.7954
65.5762
19.9698
35051.2742
